   1    2    3  430  485  492  503
  35  190  224  459  486  493  504
  15   69   82  367  487  494  505
 103  203  303  396  488  495  506
  28  137  161  425  489  496  507
  19  171  216  454  490  497  508
  41  205  240  483  491  498  509
  98  229  239  391  492  499  510
  54  273  319  420  493  500  511
 177  242  307  449  494  501  512
  35   67  341  478  495  502  513
  12  255  256  386  496  503  514
  46   80  114  415  497  504  515
  80  268  335  444  498  505  516
  93  114  193  473  499  506  517
  51  148  281  381  500  507  518
 106  182  272  410  501  508  519
 130  216  294  439  502  509  520
 119  250  351  468  503  510  521
 209  284  307  376  504  511  522
  67  132  318  405  505  512  523
 288  320  352  434  506  513  524
  23  145  146  463  507  514  525
   4   57  333  371  508  515  526
  91  158  225  400  509  516  527
  83  125  346  429  510  517  528
 159  171  304  458  511  518  529
 162  193  359  366  512  519  530
  20  184  227  395  513  520  531
   9  241  261  424  514  521  532
  99  197  295  453  515  522  533
  22  320  329  482  516  523  534
 178  210  363  390  517  524  535
  34   35   36  419  518  525  536
  68  223  257  448  519  526  537
  48  102  115  477  520  527  538
 136  236  336  385  521  528  539
  61  170  194  414  522  529  540
  52  204  249  443  523  530  541
  74  238  273  472  524  531  542
 131  262  272  380  525  532  543
  87  306  352  409  526  533  544
 210  275  340  438  527  534  545
  11   68  100  467  528  535  546
  45  288  289  375  529  536  547
  79  113  147  404  530  537  548
   5  113  301  433  531  538  549
 126  147  226  462  532  539  550
  84  181  314  370  533  540  551
 139  215  305  399  534  541  552
 163  249  327  428  535  542  553
  21  152  283  457  536  543  554
 242  317  340  365  537  544  555
 100  165  351  394  538  545  556
  22  321  353  423  539  546  557
  56  178  179  452  540  547  558
   3   37   90  481  541  548  559
 124  191  258  389  542  549  560
  16  116  158  418  543  550  561
 192  204  337  447  544  551  562
  29  195  226  476  545  552  563
  53  217  260  384  546  553  564
  42  274  294  413  547  554  565
 132  230  328  442  548  555  566
  55  353  362  471  549  556  567
  33  211  243  379  550  557  568
  67   68   69  408  551  558  569
 101  256  290  437  552  559  570
  81  135  148  466  553  560  571
   6  169  269  374  554  561  572
  94  203  227  403  555  562  573
  85  237  282  432  556  563  574
 107  271  306  461  557  564  575
 164  295  305  369  558  565  576
  22  120  339  398  559  566  577
  10  243  308  427  560  567  578
  44  101  133  456  561  568  579
  78  321  322  364  562  569  580
 112  146  180  393  563  570  581
  38  146  334  422  564  571  582
 159  180  259  451  565  572  583
 117  214  347  480  566  573  584
 172  248  338  388  567  574  585
 196  282  360  417  568  575  586
  54  185  316  446  569  576  587
  10  275  350  475  570  577  588
  21  133  198  383  571  578  589
  23   55  354  412  572  579  590
  89  211  212  441  573  580  591
  36   70  123  470  574  581  592
 157  224  291  378  575  582  593
  49  149  191  407  576  583  594
   7  225  237  436  577  584  595
  62  228  259  465  578  585  596
  86  250  293  373  579  586  597
  75  307  327  402  580  587  598
 165  263  361  431  581  588  599
  23   32   88  460  582  589  600
  66  244  276  368  583  590  601
 100  101  102  397  584  591  602
 134  289  323  426  585  592  603
 114  168  181  455  586  593  604
  39  202  302  484  587  594  605
 127  236  260  392  588  595  606
 118  270  315  421  589  596  607
 140  304  339  450  590  597  608
 197  328  338  479  591  598  609
   9   55  153  387  592  599  610
  43  276  341  416  593  600  611
  77  134  166  445  594  601  612
 111  354  355  474  595  602  613
 145  179  213  382  596  603  614
   4   71  179  411  597  604  615
 192  213  292  440  598  605  616
  17  150  247  469  599  606  617
   8  205  281  377  600  607  618
  30  229  315  406  601  608  619
  87  218  349  435  602  609  620
  20   43  308  464  603  610  621
  54  166  231  372  604  611  622
  24   56   88  401  605  612  623
 122  244  245  482  606  613  624
  69  103  156  412  607  614  625
 190  257  324  463  608  615  626
  82  182  224  393  609  616  627
  40  258  270  444  610  617  628
  95  261  292  374  611  618  629
 119  283  326  425  612  619  630
 108  340  360  476  613  620  631
  31  198  296  406  614  621  632
  56   65  121  457  615  622  633
  99  277  309  387  616  623  634
 133  134  135  438  617  624  635
 167  322  356  368  618  625  636
 147  201  214  419  619  626  637
  72  235  335  470  620  627  638
 160  269  293  400  621  628  639
 151  303  348  451  622  629  640
   9  173  337  381  623  630  641
   8  230  361  432  624  631  642
  42   88  186  483  625  632  643
  11   76  309  413  626  633  644
 110  167  199  464  627  634  645
  24   25  144  394  628  635  646
 178  212  246  445  629  636  647
  37  104  212  375  630  637  648
 225  246  325  426  631  638  649
  50  183  280  477  632  639  650
  41  238  314  407  633  640  651
  63  262  348  458  634  641  652
  19  120  251  388  635  642  653
  53   76  341  439  636  643  654
  87  199  264  369  637  644  655
  57   89  121  420  638  645  656
 155  277  278  471  639  646  657
 102  136  189  401  640  647  658
 223  290  357  452  641  648  659
 115  215  257  382  642  649  660
  73  291  303  433  643  650  661
 128  294  325  484  644  651  662
 152  316  359  414  645  652  663
  10   30  141  465  646  653  664
  64  231  329  395  647  654  665
  89   98  154  446  648  655  666
 132  310  342  376  649  656  667
 166  167  168  427  650  657  668
  26  200  355  478  651  658  669
 180  234  247  408  652  659  670
   5  105  268  459  653  660  671
 193  302  326  389  654  661  672
  18  184  336  440  655  662  673
   7   42  206  370  656  663  674
  31   41  263  421  657  664  675
  75  121  219  472  658  665  676
  44  109  342  402  659  666  677
 143  200  232  453  660  667  678
  57   58  177  383  661  668  679
 211  245  279  434  662  669  680
  70  137  245  364  663  670  681
 258  279  358  415  664  671  682
  83  216  313  466  665  672  683
  74  271  347  396  666  673  684
  18   96  295  447  667  674  685
  52  153  284  377  668  675  686
  11   86  109  428  669  676  687
 120  232  297  479  670  677  688
  90  122  154  409  671  678  689
 188  310  311  460  672  679  690
 135  169  222  390  673  680  691
  27  256  323  441  674  681  692
 148  248  290  371  675  682  693
 106  324  336  422  676  683  694
 161  327  358  473  677  684  695
  29  185  349  403  678  685  696
  43   63  174  454  679  686  697
  97  264  362  384  680  687  698
 122  131  187  435  681  688  699
  12  165  343  365  682  689  700
 199  200  201  416  683  690  701
  25   59  233  467  684  691  702
 213  267  280  397  685  692  703
  38  138  301  448  686  693  704
 226  335  359  378  687  694  705
   6   51  217  429  688  695  706
  40   75  239  480  689  696  707
  64   74  296  410  690  697  708
 108  154  252  461  691  698  709
  12   77  142  391  692  699  710
 176  233  265  442  693  700  711
  90   91  210  372  694  701  712
 244  278  312  423  695  702  713
 103  170  278  474  696  703  714
  28  291  312  404  697  704  715
 116  249  346  455  698  705  716
  17  107  304  385  699  706  717
  51  129  328  436  700  707  718
  85  186  317  366  701  708  719
  44  119  142  417  702  709  720
 153  265  330  468  703  710  721
 123  155  187  398  704  711  722
 221  343  344  449  705  712  723
 168  202  255  379  706  713  724
  60  289  356  430  707  714  725
 181  281  323  481  708  715  726
   6  139  357  411  709  716  727
  28  194  360  462  710  717  728
  19   62  218  392  711  718  729
  76   96  207  443  712  719  730
  32  130  297  373  713  720  731
 155  164  220  424  714  721  732
  13   45  198  475  715  722  733
 232  233  234  405  716  723  734
  58   92  266  456  717  724  735
 246  300  313  386  718  725  736
  71  171  334  437  719  726  737
   5   29  259  367  720  727  738
  39   84  250  418  721  728  739
  73  108  272  469  722  729  740
  97  107  329  399  723  730  741
 141  187  285  450  724  731  742
  45  110  175  380  725  732  743
 209  266  298  431  726  733  744
 123  124  243  420  727  734  745
 277  311  345  369  728  735  746
 136  203  311  439  729  736  747
  61  324  345  388  730  737  748
  16  149  282  458  731  738  749
  50  140  337  407  732  739  750
  84  162  361  477  733  740  751
 118  219  350  426  734  741  752
  77  152  175  375  735  742  753
 186  298  363  445  736  743  754
 156  188  220  394  737  744  755
  13   14  254  464  738  745  756
 201  235  288  413  739  746  757
  26   93  322  483  740  747  758
 214  314  356  432  741  748  759
  27   39  172  381  742  749  760
  30   61  227  451  743  750  761
  52   95  251  400  744  751  762
 109  129  240  470  745  752  763
  65  163  330  419  746  753  764
 188  197  253  368  747  754  765
  46   78  231  438  748  755  766
 265  266  267  387  749  756  767
  91  125  299  457  750  757  768
 279  333  346  406  751  758  769
   4  104  204  476  752  759  770
  38   62  292  425  753  760  771
  72  117  283  374  754  761  772
 106  141  305  444  755  762  773
 130  140  362  393  756  763  774
 174  220  318  463  757  764  775
  78  143  208  412  758  765  776
 242  299  331  482  759  766  777
 156  157  276  431  760  767  778
  15  310  344  380  761  768  779
 169  236  344  450  762  769  780
  15   94  357  399  763  770  781
  49  182  315  469  764  771  782
   7   83  173  418  765  772  783
  31  117  195  367  766  773  784
  20  151  252  437  767  774  785
 110  185  208  386  768  775  786
  33  219  331  456  769  776  787
 189  221  253  405  770  777  788
  46   47  287  475  771  778  789
 234  268  321  424  772  779  790
  59  126  355  373  773  780  791
  26  247  347  443  774  781  792
  60   72  205  392  775  782  793
  63   94  260  462  776  783  794
  85  128  284  411  777  784  795
 142  162  273  481  778  785  796
  98  196  363  430  779  786  797
 221  230  286  379  780  787  798
  79  111  264  449  781  788  799
 298  299  300  398  782  789  800
 124  158  332  468  783  790  801
   3   16  312  417  784  791  802
  37  137  237  366  785  792  803
  71   95  325  436  786  793  804
 105  150  316  385  787  794  805
 139  174  338  455  788  795  806
  32  163  173  404  789  796  807
 207  253  351  474  790  797  808
 111  176  241  423  791  798  809
   1  275  332  372  792  799  810
 189  190  309  442  793  800  811
  14   48  343  391  794  801  812
  14  202  269  461  795  802  813
  27   48  127  410  796  803  814
  82  215  348  480  797  804  815
  40  116  206  429  798  805  816
  64  150  228  378  799  806  817
  53  184  285  448  800  807  818
 143  218  241  397  801  808  819
   1   66  252  467  802  809  820
 222  254  286  416  803  810  821
  79   80  320  365  804  811  822
 267  301  354  435  805  812  823
  25   92  159  384  806  813  824
  17   59  280  454  807  814  825
  93  105  238  403  808  815  826
  96  127  293  473  809  816  827
 118  161  317  422  810  817  828
 175  195  306  371  811  818  829
  33  131  229  441  812  819  830
 254  263  319  390  813  820  831
 112  144  297  460  814  821  832
 331  332  333  409  815  822  833
   2  157  191  479  816  823  834
  36   49  345  428  817  824  835
  70  170  270  377  818  825  836
 104  128  358  447  819  826  837
 138  183  349  396  820  827  838
   8  172  207  466  821  828  839
  65  196  206  415  822  829  840
  21  240  286  364  823  830  841
 144  209  274  434  824  831  842
   2   34  308  383  825  832  843
 222  223  342  453  826  833  844
  13   47   81  402  827  834  845
  47  235  302  472  828  835  846
  60   81  160  421  829  836  847
  18  115  248  370  485  830  837
  73  149  239  440  486  831  838
  97  183  261  389  487  832  839
  86  217  318  459  488  833  840
 176  251  274  408  489  834  841
  34   99  285  478  490  835  842
 255  287  319  427  491  836  843
 112  113  353  376  492  837  844
  24  300  334  446  493  838  845
  58  125  192  395  494  839  846
  50   92  313  465  495  840  847
 126  138  271  414  485  496  841
 129  160  326  484  486  497  842
 151  194  350  433  487  498  843
 208  228  339  382  488  499  844
  66  164  262  452  489  500  845
 287  296  352  401  490  501  846
 145  177  330  471  491  502  847
