1 57 114 170 227 281 334 390 442 505 561 614 669 724 778 832
2 58 115 171 227 282 335 391 447 506 562 612 670 725 779 833
3 59 116 172 228 283 336 392 448 507 560 615 667 726 780 834
4 60 117 173 229 284 337 393 449 508 563 616 671 727 778 835
5 61 118 174 230 285 338 394 450 509 540 617 672 728 781 836
6 62 119 175 231 266 339 395 451 510 564 618 673 729 782 837
7 63 120 176 232 286 340 396 452 511 565 619 674 730 783 838
8 64 121 177 233 287 341 397 453 512 566 617 661 729 784 838
9 65 122 178 234 288 342 398 454 513 564 620 675 731 785 839
10 57 123 179 224 289 343 397 455 499 567 621 676 732 786 840
11 66 124 180 235 290 344 399 456 514 568 622 677 733 787 841
12 67 125 181 236 285 345 400 457 515 569 623 678 734 788 842
4 65 111 182 237 282 345 395 458 516 570 617 679 735 789 843
10 68 122 183 238 291 346 401 459 517 523 624 680 736 790 844
13 69 126 184 233 292 347 402 460 501 571 625 681 737 791 845
14 70 127 185 235 285 334 403 461 518 572 626 674 738 792 846
15 70 128 166 239 284 339 397 462 519 573 627 681 728 793 847
6 68 129 186 229 293 348 404 456 502 565 628 682 739 794 0
16 71 130 187 240 294 349 405 463 520 538 629 683 740 795 0
1 72 131 188 241 295 350 406 453 521 563 593 684 741 796 833
3 56 132 183 241 296 351 407 464 522 574 630 685 742 797 0
17 73 133 189 242 297 352 408 450 523 575 606 677 743 798 0
18 74 134 174 243 291 353 409 465 524 576 631 686 744 799 841
19 75 135 190 244 298 354 403 466 525 531 625 687 745 786 0
16 76 136 191 245 295 355 410 467 526 562 632 688 746 800 0
20 77 137 192 237 299 356 410 468 527 577 633 689 747 797 0
21 78 138 171 230 300 357 411 469 528 567 616 690 748 791 0
5 60 139 193 246 288 358 412 467 529 578 634 691 749 789 0
10 69 140 194 247 300 358 413 470 518 551 635 692 726 801 0
22 79 131 182 248 297 359 413 452 530 578 636 688 750 788 0
9 80 141 168 249 301 360 414 471 531 579 637 677 747 802 0
23 75 142 181 250 295 361 415 448 532 580 638 689 743 803 0
24 76 143 195 234 302 362 392 472 519 530 608 693 751 802 0
5 81 128 196 251 303 359 414 473 522 536 639 694 731 798 0
25 82 125 197 232 304 355 408 437 533 581 640 695 744 796 0
26 83 144 198 252 281 344 407 446 504 571 641 665 701 804 0
26 80 118 175 245 305 363 396 449 517 582 621 696 752 805 0
27 84 137 196 253 298 364 392 474 534 583 640 697 753 806 843
28 67 145 199 238 253 365 416 446 535 584 639 684 754 792 0
18 69 146 200 254 306 366 417 472 536 585 627 679 755 807 838
29 85 147 201 228 307 342 389 475 537 586 635 672 749 808 0
2 73 137 185 255 308 367 418 476 538 587 616 675 732 809 831
30 84 148 168 240 297 361 419 465 505 588 627 698 742 808 839
31 86 144 202 212 308 338 420 462 482 589 642 691 739 785 844
24 87 127 188 256 309 357 421 477 539 570 638 699 756 810 0
2 88 141 203 257 283 340 422 470 540 590 643 700 757 797 841
32 89 149 204 249 281 358 423 468 541 591 640 684 755 811 0
33 75 115 194 231 294 368 409 478 542 581 632 701 758 812 0
34 85 134 179 258 286 369 406 479 543 568 644 702 759 784 834
35 66 143 181 259 310 370 424 480 544 592 645 669 740 791 0
36 90 122 205 231 311 371 394 481 489 593 646 690 760 784 0
16 91 150 176 249 310 365 425 451 537 594 631 687 748 767 0
37 92 109 176 237 312 368 401 482 545 595 647 700 761 803 0
37 83 147 193 260 309 366 426 476 546 596 648 703 742 778 842
33 93 151 206 261 313 372 427 475 547 557 630 704 762 813 836
32 94 145 200 262 280 373 424 477 545 579 649 695 763 812 0
6 95 147 199 225 287 356 419 473 548 572 613 675 757 814 0
4 96 152 207 243 314 347 418 471 549 574 650 705 726 815 844
38 63 119 163 254 315 361 428 445 506 591 648 706 727 816 0
12 91 140 161 263 284 372 429 476 550 560 618 707 745 806 0
39 58 150 208 234 304 338 430 460 521 559 621 649 727 782 0
13 97 149 205 225 316 374 422 482 526 597 651 673 762 790 0
40 98 153 209 264 307 375 402 483 532 598 647 708 745 810 0
40 91 152 188 254 290 376 422 466 513 577 652 709 764 817 0
41 99 121 210 265 314 362 386 451 504 599 623 680 757 800 0
1 100 154 196 266 312 353 400 484 551 600 622 685 723 814 0
42 101 151 180 208 315 346 414 485 527 569 653 676 749 803 0
29 102 113 204 223 296 368 399 486 519 575 654 710 760 816 0
14 103 150 167 261 317 348 431 487 522 601 614 696 750 818 0
15 98 114 211 267 293 377 432 488 516 587 650 698 725 818 845
21 63 155 212 267 299 341 424 454 520 575 653 686 765 819 832
43 66 156 175 233 318 335 429 465 552 593 655 711 764 781 846
20 93 125 205 265 318 373 413 464 508 596 604 709 724 814 0
44 89 124 202 265 319 336 433 463 553 598 614 712 754 820 0
14 86 145 207 268 315 342 429 488 542 567 603 713 766 804 0
45 77 117 200 248 320 378 434 489 532 589 630 710 767 821 0
11 104 157 187 247 302 379 431 450 510 561 648 711 755 822 0
36 81 158 207 269 300 336 404 483 533 585 645 714 758 779 0
43 57 113 213 270 314 349 435 473 511 557 598 663 753 763 826
8 83 159 214 248 321 349 430 490 527 590 656 693 722 805 0
34 77 160 178 251 294 363 436 457 549 602 615 690 753 796 837
31 65 116 177 270 310 380 437 491 518 584 644 698 703 777 0
44 78 146 213 263 305 333 412 474 478 586 622 694 734 776 836
46 102 161 214 271 316 363 390 438 537 539 657 670 768 811 846
46 74 120 206 268 287 352 393 492 541 559 629 709 769 794 0
32 68 162 171 264 278 362 403 479 546 589 658 694 729 823 0
47 96 135 197 272 311 359 428 443 544 553 643 715 770 813 0
31 105 153 191 236 296 379 387 452 524 534 637 676 766 824 0
3 106 154 173 240 322 354 438 447 512 603 659 680 761 824 843
35 103 117 210 244 323 381 426 486 551 588 620 712 730 817 0
27 102 142 208 229 324 366 439 481 520 586 652 662 771 802 847
48 84 152 198 271 325 371 427 469 500 566 626 692 759 787 0
36 107 136 215 257 270 377 417 485 535 591 634 687 732 812 0
23 64 114 169 243 303 373 396 493 498 568 647 679 683 823 0
49 88 146 198 273 326 337 431 494 496 594 654 708 772 793 0
50 108 121 216 257 291 375 399 474 526 596 660 713 764 815 0
48 82 124 174 260 327 360 436 488 554 580 618 715 724 794 0
42 73 159 179 244 305 382 416 483 554 604 655 710 733 735 845
27 79 136 184 273 328 334 433 459 492 605 641 678 756 786 0
25 87 126 178 274 322 348 435 495 540 592 636 704 747 816 0
34 105 163 217 242 319 383 426 496 547 587 661 693 737 799 0
13 105 135 170 275 329 339 434 487 528 600 653 716 769 798 834
17 62 164 195 226 313 354 440 470 493 595 662 712 766 825 0
49 109 165 218 224 318 384 441 444 534 582 620 717 762 825 0
30 64 160 219 266 309 346 423 480 525 562 663 702 730 806 0
51 82 130 182 253 264 276 442 480 547 573 631 664 696 807 0
52 98 138 180 246 272 383 438 472 548 601 626 705 773 795 0
12 110 158 211 258 330 378 391 492 531 564 642 688 741 826 0
24 85 115 202 275 303 337 388 497 515 606 664 681 741 800 0
25 59 159 220 268 312 379 439 469 497 599 634 718 736 809 840
51 86 142 183 258 302 385 443 468 555 566 611 674 774 788 0
47 104 162 172 274 324 360 444 498 556 563 665 719 759 819 0
42 99 130 186 273 311 357 440 448 524 607 658 713 754 777 0
38 106 143 209 255 330 374 439 499 509 602 656 683 750 827 835
9 67 138 189 241 321 386 409 462 494 572 610 706 770 771 0
22 104 160 212 226 331 365 393 461 533 552 633 685 775 793 0
53 107 133 194 276 324 356 445 500 514 608 666 716 728 809 0
11 90 120 201 262 298 351 432 457 501 609 666 708 765 807 0
44 111 166 199 261 320 385 444 466 509 580 657 706 738 823 0
30 110 129 221 277 321 387 418 455 556 594 660 716 768 789 0
50 79 119 165 252 316 381 432 479 557 573 667 668 744 822 0
41 87 157 204 276 286 335 420 459 536 609 615 668 771 819 0
23 111 157 215 252 329 367 389 484 558 610 633 704 731 828 0
7 61 123 220 250 328 376 423 487 538 602 645 682 776 782 0
19 74 131 203 263 293 388 437 445 545 611 641 711 740 801 0
40 62 132 215 274 289 364 411 490 515 541 651 671 763 827 0
28 99 139 203 259 289 378 427 501 546 582 659 720 775 783 832
54 101 158 177 278 317 367 436 497 505 581 646 652 776 790 0
26 106 140 219 267 304 369 433 489 528 595 637 720 751 815 0
55 61 153 192 239 326 381 421 502 553 603 649 721 774 829 0
55 100 162 214 242 259 377 420 478 508 611 663 678 748 813 0
56 108 149 185 272 327 384 430 449 543 561 666 697 714 824 0
8 90 167 209 218 332 388 410 484 507 574 655 707 768 830 0
18 101 132 222 239 325 374 398 496 511 605 638 722 777 779 0
52 59 148 223 245 320 347 421 454 521 592 629 722 733 804 0
15 92 156 217 256 283 371 416 467 559 601 657 658 734 828 0
43 56 155 193 271 329 382 425 502 530 583 623 700 719 830 839
7 97 110 173 256 332 344 417 495 523 569 635 697 739 831 0
17 60 126 216 236 325 369 442 503 507 610 665 689 761 810 0
39 112 139 172 255 306 341 400 456 542 605 636 695 752 781 840
45 92 168 195 235 326 389 435 453 554 612 660 699 765 795 0
28 113 163 221 279 317 384 394 493 560 570 632 686 772 820 835
19 71 156 192 269 306 386 390 475 548 576 619 671 760 820 0
21 103 169 184 228 301 345 443 455 514 578 628 703 723 826 0
54 80 127 224 246 313 353 434 463 506 535 628 714 772 780 0
54 95 112 190 232 333 370 407 481 516 607 654 692 751 805 0
50 58 166 220 269 301 383 440 464 491 606 650 721 769 828 0
41 78 154 191 206 260 343 428 458 543 565 624 717 752 817 0
38 93 128 187 277 333 380 401 460 539 577 662 705 746 830 0
45 108 161 190 230 319 332 398 498 555 584 668 682 743 808 837
37 89 133 221 222 331 370 406 447 558 583 619 625 746 787 821
49 71 116 225 262 331 382 411 471 544 600 624 670 773 829 0
53 72 112 217 280 292 364 391 461 517 604 667 721 770 785 0
29 81 165 189 219 292 340 405 458 529 555 642 719 725 792 0
52 107 134 210 277 282 376 441 495 550 597 609 672 767 827 0
53 96 155 218 250 322 372 446 486 510 585 597 720 774 818 0
20 72 144 186 223 327 352 412 499 525 588 659 717 736 799 847
47 76 123 222 280 323 375 395 494 550 612 661 718 738 801 0
55 109 151 169 247 330 355 419 503 513 599 651 701 735 783 833
51 100 141 201 279 328 380 404 504 549 608 613 669 691 821 0
48 95 167 226 227 288 387 405 477 485 571 643 702 773 822 0
22 94 118 211 275 290 343 415 491 558 613 656 673 756 825 0
46 70 164 197 238 299 350 402 441 529 579 644 718 758 831 842
39 97 164 213 278 323 351 415 500 556 590 664 715 775 780 0
33 94 148 216 279 308 350 425 490 552 607 639 723 737 811 0
35 88 129 170 251 307 385 408 503 512 576 646 699 707 829 0
