
   1    2    3  491  498  509
 114  335  376  492  499  510
 178  227  259  493  500  511
  21  142  340  494  501  512
  25  354  453  495  502  513
  76  197  398  496  503  514
  40  189  281  497  504  515
 164  302  373  498  505  516
  47  216  415  499  506  517
  38   59  420  500  507  518
 151  303  392  501  508  519
 186  235  264  502  509  520
  69   78  377  503  510  521
 411  442  490  504  511  522
 113  254  325  505  512  523
  97  208  226  506  513  524
  91  339  430  507  514  525
 273  452  464  508  515  526
  75  116  347  509  516  527
 188  230  449  510  517  528
 113  292  301  511  518  529
 135  414  486  512  519  530
  37  369  468  513  520  531
 150  252  311  514  521  532
 135  154  263  515  522  533
  18  376  487  516  523  534
 330  391  489  517  524  535
 112  173  274  518  525  536
  16  157  225  519  526  537
  40  338  349  520  527  538
 192  413  451  521  528  539
  35   74  296  522  529  540
 179  187  368  523  530  541
  62  211  300  524  531  542
  54  413  435  525  532  543
  36  318  387  526  533  544
 149  201  230  527  534  545
  73   84  262  528  535  546
 375  406  457  529  536  547
 249  340  488  530  537  548
  92  111  223  531  538  549
 106  224  425  532  539  550
 268  337  479  533  540  551
 111  362  450  534  541  552
  73  245  444  535  542  553
 128  186  287  536  543  554
  11  130  299  537  544  555
 384  412  463  538  545  556
  35  267  306  539  546  557
 148  149  150  540  547  558
  33  261  482  541  548  559
 325  374  406  542  549  560
 168  289  487  543  550  561
  11  110  172  544  551  562
  55  223  344  545  552  563
 187  336  428  546  553  564
  30  311  449  547  554  565
  72  194  363  548  555  566
  77  185  206  549  556  567
  49  298  450  550  557  568
 333  382  411  551  558  569
  34  216  225  552  559  570
  68   99  147  553  560  571
 260  401  472  554  561  572
 244  355  373  555  562  573
  87  238  486  556  563  574
 109  121  420  557  564  575
   4  222  263  558  565  576
 106  335  377  559  566  577
 260  439  448  560  567  578
  71  143  282  561  568  579
  26  125  184  562  569  580
 297  399  458  563  570  581
 282  301  410  564  571  582
  33  144  165  565  572  583
  48  146  477  566  573  584
 259  320  421  567  574  585
 163  304  372  568  575  586
   6  187  485  569  576  587
  70  108  339  570  577  588
 182  221  443  571  578  589
  25  326  334  572  579  590
 209  358  447  573  580  591
  70   92  201  574  581  592
  44  183  465  575  582  593
 296  348  377  576  583  594
 220  231  409  577  584  595
  32   63  114  578  585  596
 145  396  487  579  586  597
 239  258  370  580  587  598
  82  253  371  581  588  599
 136  415  484  582  589  600
  19  107  258  583  590  601
 101  220  392  584  591  602
 275  333  434  585  592  603
 158  277  446  586  593  604
  41   69  120  587  594  605
 182  414  453  588  595  606
 295  296  297  589  596  607
 139  180  408  590  597  608
  31   63  472  591  598  609
 144  315  436  592  599  610
 158  257  319  593  600  611
   1  202  370  594  601  612
  85  334  483  595  602  613
 106  177  458  596  603  614
  20  219  341  597  604  615
 224  332  353  598  605  616
 107  196  445  599  606  617
  39   68  480  600  607  618
 181  363  372  601  608  619
 215  246  294  602  609  620
  58  129  407  603  610  621
  12   30  391  604  611  622
 143  234  385  605  612  623
  77  256  268  606  613  624
 151  369  410  607  614  625
  34  253  482  608  615  626
  96  105  407  609  616  627
 218  290  429  610  617  628
 173  272  331  611  618  629
  56  115  444  612  619  630
  67  429  448  613  620  631
 180  291  312  614  621  632
 134  195  293  615  622  633
  78  406  467  616  623  634
  29  310  451  617  624  635
 142  153  334  618  625  636
 217  255  486  619  626  637
 100  329  368  620  627  638
 172  473  481  621  628  639
  15  104  356  622  629  640
 217  239  348  623  630  641
 122  191  330  624  631  642
   5   34  443  625  632  643
  66  367  378  626  633  644
 179  210  261  627  634  645
  53  144  292  628  635  646
  27  386  405  629  636  647
  28  229  400  630  637  648
  72  141  283  631  638  649
 166  254  405  632  639  650
  49  248  367  633  640  651
  91  422  480  634  641  652
 103  305  424  635  642  653
 188  216  267  636  643  654
  71  110  329  637  644  655
 442  443  444  638  645  656
  65  286  327  639  646  657
 129  178  210  640  647  658
  93  291  462  641  648  659
 305  404  466  642  649  660
  27  148  349  643  650  661
 140  232  481  644  651  662
 115  253  324  645  652  663
 167  366  488  646  653  664
  10  371  479  647  654  665
 102  254  343  648  655  666
 137  186  215  649  656  667
  20   29  328  650  657  668
 362  393  441  651  658  669
  64  205  276  652  659  670
  48  159  177  653  660  671
  42  290  381  654  661  672
 224  403  415  655  662  673
  26   67  298  656  663  674
 139  181  400  657  664  675
  64  243  252  658  665  676
  86  365  437  659  666  677
 320  419  478  660  667  678
 101  203  262  661  668  679
  86  105  214  662  669  680
 327  438  459  663  670  681
 281  342  440  664  671  682
  63  124  225  665  672  683
 108  176  457  666  673  684
 289  300  481  667  674  685
 143  364  402  668  675  686
  25  247  476  669  676  687
 130  138  319  670  677  688
  13  162  251  671  678  689
   5  364  386  672  679  690
 269  338  477  673  680  691
 100  152  181  674  681  692
  24   35  213  675  682  693
 326  357  408  676  683  694
 200  291  439  677  684  695
  43   62  174  678  685  696
  57  175  376  679  686  697
 219  288  430  680  687  698
  62  313  401  681  688  699
  24  196  395  682  689  700
  79  137  238  683  690  701
  81  250  452  684  691  702
 335  363  414  685  692  703
 218  257  476  686  693  704
  99  100  101  687  694  705
 212  433  474  688  695  706
 276  325  357  689  696  707
 119  240  438  690  697  708
  61  123  452  691  698  709
   6  174  295  692  699  710
 138  287  379  693  700  711
 262  400  471  694  701  712
  23  145  314  695  702  713
  28  136  157  696  703  714
 249  401  490  697  704  715
 284  333  362  698  705  716
 167  176  475  699  706  717
  19   50   98  700  707  718
 211  352  423  701  708  719
 195  306  324  702  709  720
  38  189  437  703  710  721
  60   72  371  704  711  722
 173  214  445  705  712  723
  57  286  328  706  713  724
 211  390  399  707  714  725
  22   94  233  708  715  726
  76  135  467  709  716  727
 248  350  409  710  717  728
 233  252  361  711  718  729
  95  116  474  712  719  730
  97  428  489  713  720  731
 210  271  372  714  721  732
 114  255  323  715  722  733
 138  436  447  716  723  734
  21   59  290  717  724  735
 133  172  394  718  725  736
 277  285  466  719  726  737
 160  309  398  720  727  738
  21   43  152  721  728  739
 134  416  485  722  729  740
 247  299  328  723  730  741
 171  182  360  724  731  742
  14   65  473  725  732  743
  96  347  438  726  733  744
 190  209  321  727  734  745
  33  204  322  728  735  746
  87  366  435  729  736  747
  58  209  460  730  737  748
  52  171  343  731  738  749
 226  284  385  732  739  750
 109  228  397  733  740  751
  20   71  482  734  741  752
 133  365  404  735  742  753
 246  247  248  736  743  754
  90  131  359  737  744  755
  14  423  472  738  745  756
  95  266  387  739  746  757
 109  208  270  740  747  758
 153  321  442  741  748  759
  36  285  434  742  749  760
  57  128  409  743  750  761
 170  292  461  744  751  762
 175  283  304  745  752  763
  58  147  396  746  753  764
  19  431  480  747  754  765
 132  314  323  748  755  766
 166  197  245  749  756  767
   9   80  358  750  757  768
 342  453  471  751  758  769
  94  185  336  752  759  770
  28  207  219  753  760  771
 102  320  361  754  761  772
 204  433  475  755  762  773
  47   56  358  756  763  774
 169  241  380  757  764  775
 124  223  282  758  765  776
   7   66  395  759  766  777
  18  380  399  760  767  778
 131  242  263  761  768  779
  85  146  244  762  769  780
  29  357  418  763  770  781
 261  402  470  764  771  782
  93  104  285  765  772  783
 168  206  437  766  773  784
  51  280  319  767  774  785
 123  424  432  768  775  786
  55  307  456  769  776  787
 168  190  299  770  777  788
  73  142  281  771  778  789
 394  446  475  772  779  790
  17  318  329  773  780  791
 130  161  212  774  781  792
   4   95  243  775  782  793
 337  356  468  776  783  794
 180  351  469  777  784  795
  23   92  234  778  785  796
 117  205  356  779  786  797
 199  318  490  780  787  798
  42  373  431  781  788  799
  54  256  375  782  789  800
 139  167  218  783  790  801
  22   61  280  784  791  802
 393  394  395  785  792  803
  16  237  278  786  793  804
  80  129  161  787  794  805
  44  242  413  788  795  806
 256  355  417  789  796  807
  99  300  468  790  797  808
  91  183  432  791  798  809
  66  204  275  792  799  810
 118  317  439  793  800  811
 322  430  451  794  801  812
  53  205  294  795  802  813
  88  137  166  796  803  814
 279  461  470  797  804  815
 313  344  392  798  805  816
  15  156  227  799  806  817
 110  128  489  800  807  818
 241  332  483  801  808  819
 175  354  366  802  809  820
  18  249  467  803  810  821
  90  132  351  804  811  822
  15  194  203  805  812  823
  37  316  388  806  813  824
 271  370  429  807  814  825
  52  154  213  808  815  826
  37   56  165  809  816  827
 278  389  410  810  817  828
 232  293  391  811  818  829
  14   75  176  812  819  830
  59  127  408  813  820  831
 240  251  432  814  821  832
  94  315  353  815  822  833
 198  427  466  816  823  834
  81   89  270  817  824  835
 113  202  454  818  825  836
 315  337  446  819  826  837
 220  289  428  820  827  838
  51  103  132  821  828  839
 164  465  476  822  829  840
 277  308  359  823  830  841
 151  242  390  824  831  842
  13  125  484  825  832  843
   8  126  327  826  833  844
 170  239  381  827  834  845
  13  264  352  828  835  846
 147  346  465  829  836  847
  30   88  189  830  837  848
  32  201  403  831  838  849
 286  314  365  832  839  850
 169  208  427  833  840  851
  50   51   52  834  841  852
 163  384  425  835  842  853
 227  276  308  836  843  854
  70  191  389  837  844  855
  12   74  403  838  845  856
 125  246  447  839  846  857
  89  238  330  840  847  858
 213  351  422  841  848  859
  96  265  464  842  849  860
  87  108  469  843  850  861
 200  352  441  844  851  862
 235  284  313  845  852  863
 118  127  426  846  853  864
   1   49  460  847  854  865
 162  303  374  848  855  866
 146  257  275  849  856  867
 140  388  479  850  857  868
  11   23  322  851  858  869
 124  165  396  852  859  870
   8  237  279  853  860  871
 162  341  350  854  861  872
  45  184  463  855  862  873
  27   86  418  856  863  874
 199  301  360  857  864  875
 184  203  312  858  865  876
  46   67  425  859  866  877
  48  379  440  860  867  878
 161  222  323  861  868  879
  65  206  274  862  869  880
  89  387  398  863  870  881
  10  241  462  864  871  882
  84  123  345  865  872  883
 228  236  417  866  873  884
 111  260  349  867  874  885
 103  462  484  868  875  886
  85  367  436  869  876  887
 198  250  279  870  877  888
 122  133  311  871  878  889
  16  424  455  872  879  890
  47  298  389  873  880  891
 141  160  272  874  881  892
 155  273  474  875  882  893
  38  317  386  876  883  894
   9  160  411  877  884  895
   3  122  294  878  885  896
 177  235  336  879  886  897
  60  179  348  880  887  898
  22  433  461  881  888  899
  84  316  355  882  889  900
 197  198  199  883  890  901
  41   82  310  884  891  902
 374  423  455  885  892  903
  46  217  338  886  893  904
  60  159  221  887  894  905
 104  272  393  888  895  906
 236  385  477  889  896  907
   8   79  360  890  897  908
 121  243  412  891  898  909
 126  234  255  892  899  910
   9   98  347  893  900  911
 382  431  460  894  901  912
  83  265  274  895  902  913
 117  148  196  896  903  914
  31  309  450  897  904  915
 293  404  422  898  905  916
  45  136  287  899  906  917
 158  170  469  900  907  918
  53  271  312  901  908  919
 155  384  426  902  909  920
   7  309  488  903  910  921
 120  192  331  904  911  922
  75  174  233  905  912  923
  17  346  448  906  913  924
 331  350  459  907  914  925
  82  193  214  908  915  926
  36   97  195  909  916  927
 308  369  470  910  917  928
 212  353  421  911  918  929
  44   55  236  912  919  930
 119  157  388  913  920  931
   2  231  270  914  921  932
  74  375  383  915  922  933
   6  258  407  916  923  934
 119  141  250  917  924  935
  24   93  232  918  925  936
 345  397  426  919  926  937
 269  280  458  920  927  938
  81  112  163  921  928  939
  46  194  445  922  929  940
 288  307  419  923  930  941
 131  302  420  924  931  942
  43  185  464  925  932  943
  68  156  307  926  933  944
 150  269  441  927  934  945
 324  382  483  928  935  946
   5  207  326  929  936  947
  90  118  169  930  937  948
  12  231  463  931  938  949
 344  345  346  932  939  950
 188  229  457  933  940  951
  31   80  112  934  941  952
 193  364  485  935  942  953
 207  306  368  936  943  954
  50  251  419  937  944  955
  42  134  383  938  945  956
  17  155  226  939  946  957
  69  268  390  940  947  958
 273  381  402  941  948  959
   4  156  245  942  949  960
  39   88  117  943  950  961
 230  412  421  944  951  962
 264  295  343  945  952  963
 107  178  456  946  953  964
  61   79  440  947  954  965
 192  283  434  948  955  966
 126  305  317  949  956  967
 200  418  459  950  957  968
  41   83  302  951  958  969
 145  154  456  952  959  970
 267  339  478  953  960  971
 222  321  380  954  961  972
   3  105  164  955  962  973
   7  116  478  956  963  974
 229  340  361  957  964  975
 183  244  342  958  965  976
  26  127  455  959  966  977
  10   78  359  960  967  978
 191  202  383  961  968  979
  45  266  304  962  969  980
 149  378  417  491  963  970
  32   40  221  492  964  971
  64  153  405  493  965  972
 266  288  397  494  966  973
 171  240  379  495  967  974
   2   54   83  496  968  975
 115  416  427  497  969  976
 228  259  310  498  970  977
 102  193  341  499  971  978
  76  435  454  500  972  979
  77  278  449  501  973  980
 121  190  332  491  502  974
 215  303  454  492  503  975
  98  297  416  493  504  976
  39  140  471  494  505  977
 152  354  473  495  506  978
 237  265  316  496  507  979
 120  159  378  497  508  980