1 89 178 269 353 446 533 615 704 793 881 977
2 90 179 270 354 447 534 616 705 791 882 978
3 91 180 271 355 448 535 617 706 794 883 979
4 92 181 272 356 449 536 618 707 795 884 918
5 93 182 271 357 450 537 619 708 796 885 980
6 94 183 273 358 451 538 620 709 795 886 0
7 95 184 274 359 452 539 621 710 797 887 936
8 96 185 269 360 453 540 622 711 798 864 980
9 97 186 275 361 454 541 623 712 799 888 0
10 98 187 276 362 455 542 624 713 800 889 0
11 99 188 277 363 456 543 625 714 797 890 0
12 100 188 278 352 457 544 626 715 801 884 0
13 101 175 279 364 458 545 622 716 802 891 0
14 94 189 280 365 459 546 627 717 803 892 0
15 102 190 276 366 460 547 628 718 804 887 0
16 103 191 281 367 461 537 626 719 805 893 0
17 104 192 273 368 462 548 617 720 806 894 0
18 105 193 266 369 463 542 629 721 792 880 976
19 106 194 282 360 462 549 630 722 807 895 967
20 107 195 274 370 419 550 616 723 808 896 0
21 97 196 283 371 464 551 631 722 809 897 0
22 99 197 279 372 465 552 632 713 810 898 0
23 108 186 284 373 466 483 633 724 811 899 0
13 109 198 285 374 399 450 634 725 812 900 0
24 110 199 286 375 467 553 635 726 813 889 0
25 111 200 280 350 458 554 636 727 814 887 0
26 112 185 287 376 468 543 617 728 815 901 0
27 113 198 288 377 469 555 637 719 816 902 0
28 114 201 289 378 446 556 638 729 817 884 0
22 115 177 290 379 421 534 639 730 818 903 0
2 116 202 291 380 470 557 618 731 819 904 973
29 117 203 292 381 471 558 640 732 820 905 0
18 118 204 293 382 472 535 641 716 821 906 0
30 119 205 294 383 473 559 642 733 822 902 0
31 101 206 295 384 474 560 643 734 823 907 0
9 120 207 296 385 451 561 644 735 794 891 0
32 121 208 268 365 475 562 645 736 824 908 0
14 122 209 297 386 476 563 632 737 825 909 0
1 123 210 298 387 477 564 646 738 826 895 0
12 124 211 296 388 478 565 647 739 822 907 0
33 111 212 299 389 468 566 639 735 827 909 0
21 125 213 293 390 479 555 624 740 828 910 0
34 126 204 300 391 480 567 625 741 829 911 966
12 127 214 301 392 481 568 648 741 809 883 953
35 106 215 302 375 482 569 618 742 799 906 0
36 128 216 303 379 474 570 649 743 830 912 0
37 129 217 304 359 483 571 650 744 831 913 0
38 130 218 305 382 466 572 647 745 807 914 0
10 131 219 272 391 484 551 621 746 832 882 0
39 132 191 306 379 485 573 651 747 833 915 0
40 133 220 289 393 486 564 652 748 834 916 975
41 134 221 285 394 487 574 615 742 835 917 0
32 135 221 307 354 488 575 653 728 836 918 0
42 105 207 308 395 489 494 654 749 837 898 980
17 108 222 272 353 490 576 637 750 818 919 0
43 136 223 294 393 491 577 634 751 819 920 0
25 137 224 264 396 464 572 655 752 838 919 0
2 138 225 279 397 492 578 638 753 839 921 972
44 139 226 309 398 466 534 656 751 840 885 0
45 113 223 310 397 439 579 657 754 841 918 0
7 103 227 311 399 493 535 658 755 842 922 0
46 140 228 312 366 494 580 659 719 843 923 0
31 141 229 313 400 495 562 656 756 844 924 0
47 142 201 314 374 496 542 623 757 845 925 0
48 143 212 315 401 497 537 660 748 846 926 0
49 144 230 313 388 488 581 661 758 826 927 0
50 118 231 278 402 498 582 662 759 806 928 0
51 115 232 316 388 499 583 657 749 802 929 949
32 96 233 317 403 469 584 663 760 825 930 966
48 88 234 318 373 500 540 635 730 839 931 0
36 145 203 308 394 452 585 642 761 847 925 957
52 91 235 319 404 449 546 664 743 835 893 974
17 146 233 320 380 501 586 665 762 848 932 0
53 113 187 305 405 502 587 650 701 842 933 968
54 147 182 310 385 503 544 615 740 849 930 0
31 148 236 301 381 470 588 629 763 850 934 0
55 126 183 312 406 504 539 666 738 840 933 0
41 149 194 318 406 505 554 667 764 817 935 0
29 109 208 296 362 461 589 668 752 797 906 978
18 150 225 321 407 506 590 666 756 846 900 0
13 151 237 322 408 501 591 669 765 851 936 0
27 137 236 286 401 507 565 649 766 852 901 0
19 116 214 323 409 454 574 670 710 834 877 0
56 152 202 275 410 477 565 653 767 853 937 0
40 153 238 284 396 508 592 671 715 845 938 0
57 112 230 324 357 473 539 672 768 854 939 0
58 89 213 325 381 462 593 651 725 855 898 0
14 152 239 288 411 509 594 673 721 856 940 0
4 154 220 326 355 411 558 628 769 851 941 0
59 155 240 321 412 510 560 644 729 857 938 961
51 156 190 323 384 511 553 633 705 855 933 0
60 142 180 302 390 512 595 674 770 858 915 0
22 157 241 273 369 513 553 645 765 859 881 0
47 120 242 327 413 514 596 631 771 860 937 0
61 158 228 328 414 515 597 675 772 810 942 0
62 107 230 291 377 506 593 662 711 847 914 0
63 91 243 299 415 516 592 676 734 832 921 0
64 159 184 317 389 505 559 677 708 861 943 0
65 143 222 322 416 492 547 674 773 822 897 0
66 100 206 329 417 475 574 678 721 827 910 0
67 145 239 330 408 504 579 651 774 794 913 0
20 89 240 275 366 517 598 668 733 842 944 0
68 154 179 331 382 465 583 679 726 793 945 0
60 123 244 332 361 468 599 657 775 812 882 0
54 131 245 321 367 509 538 636 751 852 946 0
69 135 182 284 418 518 566 666 776 810 894 0
30 158 242 333 419 487 586 671 749 840 901 0
9 160 246 322 420 499 597 662 777 856 895 950
4 134 247 304 421 519 593 655 699 821 888 0
8 145 248 277 412 479 600 647 778 812 921 0
70 148 249 324 422 475 514 680 724 862 922 0
27 161 250 334 423 463 532 681 723 863 873 0
71 147 226 315 363 482 601 682 709 820 947 0
5 146 231 274 424 520 595 683 728 850 938 0
53 90 251 335 368 521 556 684 767 829 891 976
49 162 252 336 389 509 529 641 715 843 948 0
72 104 242 293 425 446 474 663 746 803 890 0
73 99 221 305 367 522 602 648 774 864 949 0
73 163 229 287 378 511 576 619 779 814 947 0
71 129 253 280 360 487 603 685 775 863 944 0
72 98 214 330 423 523 590 682 745 815 950 974
74 116 254 337 399 519 554 672 754 864 897 0
42 161 255 338 426 503 604 686 780 838 912 965
26 138 218 339 426 524 573 687 767 844 948 969
65 140 256 327 354 513 549 688 781 865 929 0
75 92 218 283 370 422 605 689 720 800 951 0
52 164 195 306 427 502 551 644 760 814 904 0
67 95 249 266 361 453 580 690 776 844 928 0
16 154 248 314 416 477 603 645 764 866 879 0
43 165 222 243 428 472 602 691 708 800 944 0
41 97 257 316 429 525 592 640 750 846 896 0
21 110 189 313 372 526 591 658 780 834 952 0
24 166 226 332 405 525 584 664 758 801 934 0
74 115 258 340 430 504 536 678 737 811 934 0
52 109 249 315 368 512 606 661 753 837 943 0
46 167 200 339 431 478 602 623 763 867 931 0
58 100 259 341 373 526 605 628 777 857 925 959
29 168 196 312 409 476 532 676 707 868 915 0
7 168 232 270 432 506 606 624 735 869 953 0
10 107 255 341 403 508 549 656 739 831 922 0
48 169 219 307 402 451 588 687 768 863 940 0
28 165 227 303 371 520 566 622 782 859 913 0
44 163 184 300 397 494 570 685 726 845 951 0
20 170 229 335 433 503 594 669 764 870 953 0
6 139 254 267 426 455 545 659 775 808 883 0
59 92 237 282 400 527 607 682 747 804 917 0
75 159 234 314 407 488 533 630 752 829 954 0
23 164 260 300 413 482 597 634 717 805 869 0
76 142 251 278 386 497 600 689 783 871 899 932
56 119 231 237 431 459 567 639 753 865 916 0
53 158 215 258 387 528 608 686 734 854 946 0
65 117 166 290 434 529 605 686 710 872 945 0
24 146 211 342 407 491 594 692 724 795 955 0
77 102 260 343 435 505 572 690 707 830 932 0
44 127 247 281 383 453 526 693 783 832 929 0
69 101 191 342 386 529 585 631 745 841 916 0
60 163 250 340 365 460 557 694 716 860 956 977
64 131 189 327 436 530 607 643 744 866 957 0
15 169 252 281 429 444 577 684 784 831 890 0
25 171 188 331 437 485 609 661 785 873 955 0
78 160 178 265 405 415 610 687 703 858 935 0
79 121 236 262 387 491 611 670 714 874 951 0
55 170 224 344 356 516 599 652 782 824 958 0
75 140 206 271 438 467 563 667 786 869 958 0
80 117 238 320 364 463 563 648 744 833 908 0
57 149 256 319 439 511 582 625 723 799 959 0
68 172 228 345 440 486 527 653 706 803 960 0
81 150 215 346 378 517 583 664 762 827 905 0
5 138 224 330 414 493 584 688 712 875 920 0
39 167 261 334 432 480 576 679 742 801 937 0
8 157 257 342 428 512 582 695 772 830 941 0
34 124 244 346 435 524 607 696 774 837 896 0
77 173 197 334 440 454 601 643 727 851 893 0
23 111 248 347 377 525 608 683 746 868 956 969
35 159 241 301 418 493 555 697 743 788 961 0
46 114 233 324 421 443 604 640 777 874 889 0
73 143 202 343 395 417 610 681 787 876 903 0
71 136 181 295 410 492 568 695 757 793 962 0
33 139 208 326 414 479 609 691 702 823 963 0
38 149 205 267 420 530 536 697 736 877 926 0
82 122 246 289 370 513 609 637 741 854 964 970
67 171 176 348 380 527 556 633 768 790 965 0
55 132 246 349 375 412 546 629 784 796 876 0
39 125 262 347 395 449 560 698 783 859 870 0
47 137 232 282 428 445 571 673 788 876 966 979
62 156 204 303 385 496 558 627 720 853 924 0
83 110 223 343 441 448 515 620 771 798 961 0
64 151 263 325 427 456 569 683 739 798 919 0
62 166 264 345 392 530 595 698 789 839 909 0
35 144 217 265 391 458 550 698 769 849 923 0
6 173 238 346 433 502 577 674 763 836 952 0
74 174 245 295 424 445 573 669 778 862 923 0
84 135 239 337 415 507 612 684 779 857 967 0
81 164 181 297 423 429 564 672 761 855 928 954
79 169 180 320 432 510 533 678 782 865 968 0
85 123 192 338 357 481 550 613 766 811 917 0
85 150 261 304 362 521 585 627 773 850 942 0
86 173 179 336 418 473 540 691 747 838 956 0
57 175 253 326 433 489 507 626 730 848 969 0
43 126 259 350 400 461 541 649 762 862 914 977
84 172 195 329 372 490 568 690 738 821 955 0
3 122 177 276 401 524 596 646 772 870 886 0
83 118 254 317 356 521 598 680 714 833 960 0
76 172 245 338 420 500 557 688 725 861 924 0
16 104 265 340 396 441 611 654 790 871 900 0
61 141 186 311 363 455 516 654 729 819 939 0
30 132 234 348 351 456 613 699 732 823 952 0
79 160 225 350 394 483 580 663 780 853 963 0
81 96 264 311 439 497 612 670 786 878 970 0
66 153 185 328 436 485 587 694 769 817 954 0
37 148 205 297 437 531 608 641 709 835 903 0
80 174 178 344 442 447 603 696 706 847 970 0
87 134 243 345 358 518 589 694 784 807 911 0
42 103 199 268 353 437 590 677 722 867 941 0
33 156 251 294 443 481 596 700 704 872 958 0
82 147 210 270 425 489 559 655 770 813 940 0
78 95 256 347 444 448 457 692 748 818 908 972
19 170 266 307 431 528 570 699 771 789 959 0
45 155 212 217 442 501 552 695 712 860 971 0
78 136 197 292 403 464 510 646 705 806 892 0
61 127 216 288 442 531 598 630 727 796 972 0
86 120 235 341 376 522 600 659 773 820 920 964
77 114 193 333 392 484 581 668 778 816 875 0
85 152 259 309 364 498 543 677 740 868 886 0
70 162 183 269 355 478 552 697 779 873 973 0
58 93 193 316 416 459 587 692 791 878 948 971
3 167 263 291 383 523 562 701 785 849 967 0
11 162 261 323 419 500 599 693 787 879 894 963
49 108 250 349 438 515 578 660 733 809 936 0
72 121 240 318 434 496 591 676 776 791 964 0
83 171 210 290 376 450 612 693 736 828 911 968
87 174 200 351 390 517 579 632 781 805 939 0
86 151 216 332 406 495 606 681 790 878 946 0
26 165 258 325 411 444 581 667 731 841 960 0
11 133 235 286 430 472 578 700 711 804 935 971
76 129 196 336 369 523 567 619 718 874 907 0
54 133 257 339 359 447 569 702 713 871 902 0
40 125 190 285 427 476 538 680 758 848 912 979
88 105 247 298 384 498 614 636 750 836 945 0
69 155 244 333 404 470 614 702 781 856 947 0
45 153 263 308 422 528 601 673 704 879 927 978
63 90 213 349 435 514 520 685 766 877 931 0
87 128 199 287 409 508 545 665 759 866 880 942
66 168 219 319 398 408 613 689 731 867 930 0
50 141 220 348 443 490 589 650 770 802 974 0
37 102 211 337 425 471 541 679 765 789 965 0
1 175 260 283 402 531 604 671 755 824 957 0
70 128 187 352 410 519 611 616 717 861 905 975
88 112 209 292 445 518 561 652 718 808 910 943
63 176 241 309 430 457 561 701 786 826 962 0
51 130 192 344 436 495 575 660 792 828 962 973
59 94 227 298 438 484 544 665 732 858 949 0
84 130 207 302 393 434 571 675 737 816 881 0
80 119 255 277 371 460 548 675 757 852 927 0
34 157 198 351 417 499 588 638 761 872 892 0
82 161 194 299 352 465 547 620 756 875 904 0
36 93 267 335 413 486 610 635 785 825 888 0
28 98 253 329 441 480 575 642 759 843 885 0
38 176 252 328 374 532 614 703 760 813 975 0
68 124 209 262 398 452 548 700 754 880 950 0
56 144 201 306 358 467 471 696 755 815 926 0
15 106 203 331 404 424 469 658 787 792 899 0
50 177 268 310 440 522 586 621 703 788 976 0
